0.000000000000000e+00	1.000000000000000e+05
6.200000000000000e-04	1.000000000000000e+05
6.202959669225730e-04	7.205184198569551e+05
6.644179664361406e-04	7.186293953986097e+05
7.085399659497077e-04	7.167455036474805e+05
7.526619654632748e-04	7.148667315074249e+05
7.967839649768424e-04	7.129930659144050e+05
8.409059644904095e-04	7.111244938364119e+05
8.850279640039765e-04	7.092610022733879e+05
9.291499635175441e-04	7.074025782571514e+05
9.732719630311112e-04	7.055492088513208e+05
1.017393962544678e-03	7.037008811512382e+05
1.061515962058246e-03	7.018575822838938e+05
1.105637961571813e-03	7.000192994078510e+05
1.149759961085381e-03	6.981860197131702e+05
1.193881960598948e-03	6.963577304213343e+05
1.238003960112515e-03	6.945344187851736e+05
1.282125959626082e-03	6.927160720887908e+05
1.326247959139649e-03	6.909026776474868e+05
1.370369958653217e-03	6.890942228076861e+05
1.414491958166784e-03	6.872906949468621e+05
1.458613957680351e-03	6.854920814734633e+05
1.502735957193918e-03	6.836983698268402e+05
1.546857956707486e-03	6.819095474771702e+05
1.590979956221053e-03	6.801256019253850e+05
1.635101955734620e-03	6.783465207030963e+05
1.679223955248188e-03	6.765722913725238e+05
1.723345954761754e-03	6.748029015264211e+05
1.767467954275322e-03	6.730383387880033e+05
1.811589953788889e-03	6.712785908108742e+05
1.855711953302456e-03	6.695236452789537e+05
1.899833952816023e-03	6.677734899064057e+05
1.943955952329591e-03	6.660281124375650e+05
1.988077951843159e-03	6.642875006468669e+05
2.032199951356725e-03	6.625516423387734e+05
2.076321950870293e-03	6.608205253477031e+05
2.120443950383860e-03	6.590941375379589e+05
2.164565949897427e-03	6.573724668036565e+05
2.208687949410995e-03	6.556555010686538e+05
2.252809948924562e-03	6.539432282864795e+05
2.296931948438129e-03	6.522356364402620e+05
2.341053947951696e-03	6.505327135426592e+05
2.385175947465264e-03	6.488344476357878e+05
2.429297946978830e-03	6.471408267911528e+05
2.473419946492398e-03	6.454518391095774e+05
2.517541946005966e-03	6.437674727211328e+05
2.561663945519532e-03	6.420877157850685e+05
2.605785945033100e-03	6.404125564897428e+05
2.649907944546667e-03	6.387419830525528e+05
2.694029944060234e-03	6.370759837198652e+05
2.738151943573801e-03	6.354145467669468e+05
2.782273943087369e-03	6.337576604978966e+05
2.826395942600936e-03	6.321053132455754e+05
2.870517942114503e-03	6.304574933715374e+05
2.914639941628071e-03	6.288141892659626e+05
2.958761941141638e-03	6.271753893475874e+05
3.002883940655205e-03	6.255410820636364e+05
3.047005940168773e-03	6.239112558897550e+05
3.091127939682339e-03	6.222858993299407e+05
3.135249939195907e-03	6.206650009164757e+05
3.179371938709474e-03	6.190485492098592e+05
3.223493938223041e-03	6.174365327987401e+05
3.267615937736609e-03	6.158289402998493e+05
3.311737937250176e-03	6.142257603579329e+05
3.355859936763743e-03	6.126269816456852e+05
3.399981936277310e-03	6.110325928636814e+05
3.444103935790878e-03	6.094425827403120e+05
3.488225935304444e-03	6.078569400317149e+05
3.532347934818012e-03	6.062756535217100e+05
3.576469934331580e-03	6.046987120217327e+05
3.620591933845146e-03	6.031261043707680e+05
3.664713933358714e-03	6.015578194352841e+05
3.708835932872281e-03	5.999938461091672e+05
3.752957932385848e-03	5.984341733136559e+05
3.797079931899415e-03	5.968787899972753e+05
3.841201931412983e-03	5.953276851357722e+05
3.885323930926550e-03	5.937808477320494e+05
3.929445930440118e-03	5.922382668161020e+05
3.973567929953685e-03	5.906999314449503e+05
4.017689929467251e-03	5.891658307025777e+05
4.061811928980819e-03	5.876359536998642e+05
4.105933928494386e-03	5.861102895745235e+05
4.150055928007953e-03	5.845888274910374e+05
4.194177927521521e-03	5.830715566405929e+05
4.238299927035089e-03	5.815584662410172e+05
4.282421926548655e-03	5.800495455367153e+05
4.326543926062222e-03	5.785447837986052e+05
4.370665925575790e-03	5.770441703240546e+05
4.414787925089357e-03	5.755476944368180e+05
4.458909924602924e-03	5.740553454869737e+05
4.503031924116492e-03	5.725671128508598e+05
4.547153923630059e-03	5.710829859310122e+05
4.591275923143626e-03	5.696029541561018e+05
4.635397922657193e-03	5.681270069808713e+05
4.679519922170761e-03	5.666551338860736e+05
4.723641921684328e-03	5.651873243784087e+05
4.767763921197895e-03	5.637235679904621e+05
4.811885920711463e-03	5.622638542806427e+05
4.856007920225030e-03	5.608081728331208e+05
4.900129919738597e-03	5.593565132577664e+05
4.944251919252164e-03	5.579088651900881e+05
4.988373918765731e-03	5.564652182911704e+05
5.032495918279299e-03	5.550255622476145e+05
5.076617917792866e-03	5.535898867714752e+05
5.120739917306433e-03	5.521581816002009e+05
5.164861916820001e-03	5.507304364965726e+05
5.208983916333568e-03	5.493066412486429e+05
5.253105915847134e-03	5.478867856696758e+05
5.297227915360702e-03	5.464708595980867e+05
5.341349914874270e-03	5.450588528973807e+05
5.385471914387837e-03	5.436507554560938e+05
5.429593913901404e-03	5.422465571877325e+05
5.473715913414972e-03	5.408462480307140e+05
5.517837912928539e-03	5.394498179483060e+05
5.561959912442105e-03	5.380572569285678e+05
5.606081911955673e-03	5.366685549842904e+05
5.650203911469240e-03	5.352837021529377e+05
5.694325910982808e-03	5.339026884965868e+05
5.738447910496375e-03	5.325255041018691e+05
5.782569910009943e-03	5.311521390799119e+05
5.826691909523509e-03	5.297825835662789e+05
5.870813909037076e-03	5.284168277209122e+05
5.914935908550643e-03	5.270548617280740e+05
5.959057908064211e-03	5.256966757962869e+05
6.003179907577779e-03	5.243422601582778e+05
6.047301907091346e-03	5.229916050709181e+05
6.091423906604912e-03	5.216447008151669e+05
6.135545906118480e-03	5.203015376960122e+05
6.179667905632047e-03	5.189621060424142e+05
6.223789905145614e-03	5.176263962072474e+05
6.267911904659182e-03	5.162943985672430e+05
6.312033904172750e-03	5.149661035229323e+05
6.356155903686317e-03	5.136415014985888e+05
6.400277903199883e-03	5.123205829421716e+05
6.444399902713451e-03	5.110033383252688e+05
6.488521902227018e-03	5.096897581430404e+05
6.532643901740585e-03	5.083798329141621e+05
6.576765901254153e-03	5.070735531807685e+05
6.620887900767721e-03	5.057709095083967e+05
6.665009900281287e-03	5.044718924859308e+05
6.709131899794854e-03	5.031764927255453e+05
6.753253899308422e-03	5.018847008626491e+05
6.797375898821989e-03	5.005965075558302e+05
6.841497898335556e-03	4.993119034867997e+05
6.885619897849124e-03	4.980308793603363e+05
6.929741897362690e-03	4.967534259042312e+05
6.973863896876258e-03	4.954795338692322e+05
7.017985896389825e-03	4.942091940289894e+05
7.062107895903393e-03	4.929423971799996e+05
7.106229895416960e-03	4.916791341415516e+05
7.150351894930527e-03	4.904193957556718e+05
7.194473894444093e-03	4.891631728870689e+05
7.238595893957661e-03	4.879104564230798e+05
7.282717893471229e-03	4.866612372736156e+05
7.326839892984796e-03	4.854155063711065e+05
7.370961892498364e-03	4.841732546704485e+05
7.415083892011931e-03	4.829344731489494e+05
7.459205891525497e-03	4.816991528062742e+05
7.503327891039064e-03	4.804672846643921e+05
7.547449890552632e-03	4.792388597675225e+05
7.591571890066200e-03	4.780138691820820e+05
7.635693889579766e-03	4.767923039966305e+05
7.679815889093334e-03	4.755741553218185e+05
7.723937888606899e-03	4.743594142903335e+05
7.768059888120467e-03	4.731480720568475e+05
7.812181887634035e-03	4.719401197979635e+05
7.856303887147602e-03	4.707355487121640e+05
7.900425886661169e-03	4.695343500197569e+05
7.944547886174738e-03	4.683365149628241e+05
7.988669885688303e-03	4.671420348051689e+05
8.032791885201871e-03	4.659509008322634e+05
8.076913884715438e-03	4.647631043511971e+05
8.121035884229006e-03	4.635786366906239e+05
8.165157883742573e-03	4.623974892007115e+05
8.209279883256140e-03	4.612196532530887e+05
8.253401882769707e-03	4.600451202407940e+05
8.297523882283274e-03	4.588738815782244e+05
8.341645881796842e-03	4.577059287010838e+05
8.385767881310409e-03	4.565412530663319e+05
8.429889880823977e-03	4.553798461521327e+05
8.474011880337544e-03	4.542216994578039e+05
8.518133879851109e-03	4.530668045037660e+05
8.562255879364678e-03	4.519151528314910e+05
8.606377878878245e-03	4.507667360034527e+05
8.650499878391813e-03	4.496215456030752e+05
8.694621877905380e-03	4.484795732346828e+05
8.738743877418949e-03	4.473408105234504e+05
8.782865876932514e-03	4.462052491153522e+05
8.826987876446080e-03	4.450728806771122e+05
8.871109875959649e-03	4.439436968961544e+05
8.915231875473216e-03	4.428176894805529e+05
8.959353874986784e-03	4.416948501589820e+05
9.003475874500351e-03	4.405751706806668e+05
9.047597874013920e-03	4.394586428153332e+05
9.091719873527485e-03	4.383452583531597e+05
9.135841873041051e-03	4.372350091047269e+05
9.179963872554620e-03	4.361278869009694e+05
9.224085872068187e-03	4.350238835931257e+05
9.268207871581755e-03	4.339229910526907e+05
9.312329871095322e-03	4.328252011713656e+05
9.356451870608889e-03	4.317305058610100e+05
9.400573870122456e-03	4.306388970535931e+05
9.444695869636022e-03	4.295503667011454e+05
9.488817869149591e-03	4.284649067757102e+05
9.532939868663158e-03	4.273825092692955e+05
9.577061868176726e-03	4.263031661938259e+05
9.621183867690291e-03	4.252268695810949e+05
9.665305867203860e-03	4.241536114827162e+05
9.709427866717427e-03	4.230833839700770e+05
9.753549866230993e-03	4.220161791342896e+05
9.797671865744562e-03	4.209519890861444e+05
9.841793865258129e-03	4.198908059560618e+05
9.885915864771696e-03	4.188326218940456e+05
9.930037864285262e-03	4.177774290696356e+05
9.974159863798831e-03	4.167252196718602e+05
1.001828186331240e-02	4.156759859091898e+05
1.006240386282596e-02	4.146297200094899e+05
1.010652586233953e-02	4.135864142199740e+05
1.015064786185310e-02	4.125460608071575e+05
1.019476986136667e-02	4.115086520568106e+05
1.023889186088023e-02	4.104741802739124e+05
1.028301386039380e-02	4.094426377826043e+05
1.032713585990737e-02	4.084140169261438e+05
1.037125785942094e-02	4.073883100668585e+05
1.041537985893450e-02	4.063655095861000e+05
1.045950185844807e-02	4.053456078841983e+05
1.050362385796164e-02	4.043285973804155e+05
1.054774585747520e-02	4.033144705129007e+05
1.059186785698877e-02	4.023032197386443e+05
1.063598985650234e-02	4.012948375334322e+05
1.068011185601591e-02	4.002893163918011e+05
1.072423385552947e-02	3.992866488269924e+05
1.076835585504304e-02	3.982868273709079e+05
1.081247785455661e-02	3.972898445740646e+05
1.085659985407018e-02	3.962956930055493e+05
1.090072185358374e-02	3.953043652529743e+05
1.094484385309731e-02	3.943158539224326e+05
1.098896585261088e-02	3.933301516384532e+05
1.103308785212444e-02	3.923472510439566e+05
1.107720985163801e-02	3.913671448002103e+05
1.112133185115158e-02	3.903898255867850e+05
1.116545385066515e-02	3.894152861015101e+05
1.120957585017871e-02	3.884435190604294e+05
1.125369784969228e-02	3.874745171977576e+05
1.129781984920585e-02	3.865082732658358e+05
1.134194184871942e-02	3.855447800350887e+05
1.138606384823298e-02	3.845840302939800e+05
1.143018584774655e-02	3.836260168489693e+05
1.147430784726012e-02	3.826707325244687e+05
1.151842984677368e-02	3.817181701627991e+05
1.156255184628725e-02	3.807683226241474e+05
1.160667384580082e-02	3.798211827865230e+05
1.165079584531439e-02	3.788767435457149e+05
1.169491784482795e-02	3.779349978152488e+05
1.173903984434152e-02	3.769959385263441e+05
1.178316184385509e-02	3.760595586278715e+05
1.182728384336865e-02	3.751258510863098e+05
1.187140584288222e-02	3.741948088857037e+05
1.191552784239579e-02	3.732664250276218e+05
1.195964984190936e-02	3.723406925311132e+05
1.200377184142292e-02	3.714176044326663e+05
1.204789384093649e-02	3.704971537861662e+05
1.209201584045006e-02	3.695793336628523e+05
1.213613783996363e-02	3.686641371512772e+05
1.218025983947719e-02	3.677515573572641e+05
1.222438183899076e-02	3.668415874038657e+05
1.226850383850433e-02	3.659342204313218e+05
1.231262583801789e-02	3.650294495970188e+05
1.235674783753146e-02	3.641272680754466e+05
1.240086983704503e-02	3.632276690581595e+05
1.244499183655860e-02	3.623306457537327e+05
1.248911383607216e-02	3.614361913877229e+05
1.253323583558573e-02	3.605442992026261e+05
1.257735783509930e-02	3.596549624578374e+05
1.262147983461287e-02	3.587681744296092e+05
1.266560183412643e-02	3.578839284110117e+05
1.270972383364000e-02	3.570022177118912e+05
1.275384583315357e-02	3.561230356588298e+05
1.279796783266714e-02	3.552463755951053e+05
1.284208983218070e-02	3.543722308806503e+05
1.288621183169427e-02	3.535005948920121e+05
1.293033383120784e-02	3.526314610223127e+05
1.297445583072140e-02	3.517648226812083e+05
1.301857783023497e-02	3.509006732948499e+05
1.306269982974854e-02	3.500390063058425e+05
1.310682182926211e-02	3.491798151732064e+05
1.315094382877567e-02	3.483230933723364e+05
1.319506582828924e-02	3.474688343949629e+05
1.323918782780281e-02	3.466170317491121e+05
1.328330982731638e-02	3.457676789590665e+05
1.332743182682994e-02	3.449207695653257e+05
1.337155382634351e-02	3.440762971245672e+05
1.341567582585708e-02	3.432342552096070e+05
1.345979782537064e-02	3.423946374093604e+05
1.350391982488421e-02	3.415574373288038e+05
1.354804182439778e-02	3.407226485889350e+05
1.359216382391135e-02	3.398902648267347e+05
1.363628582342491e-02	3.390602796951280e+05
1.368040782293848e-02	3.382326868629451e+05
1.372452982245205e-02	3.374074800148840e+05
1.376865182196561e-02	3.365846528514707e+05
1.381277382147918e-02	3.357641990890218e+05
1.385689582099275e-02	3.349461124596061e+05
1.390101782050632e-02	3.341303867110061e+05
1.394513982001988e-02	3.333170156066801e+05
1.398926181953345e-02	3.325059929257244e+05
1.403338381904702e-02	3.316973124628354e+05
1.407750581856058e-02	3.308909680282715e+05
1.412162781807415e-02	3.300869534478154e+05
1.416574981758772e-02	3.292852625627373e+05
1.420987181710129e-02	3.284858892297560e+05
1.425399381661485e-02	3.276888273210028e+05
1.429811581612842e-02	3.268940707239832e+05
1.434223781564199e-02	3.261016133415402e+05
1.438635981515556e-02	3.253114490918166e+05
1.443048181466912e-02	3.245235719082186e+05
1.447460381418269e-02	3.237379757393781e+05
1.451872581369626e-02	3.229546545491166e+05
1.456284781320982e-02	3.221736023164073e+05
1.460696981272339e-02	3.213948130353392e+05
1.465109181223696e-02	3.206182807150804e+05
1.469521381175053e-02	3.198439993798410e+05
1.473933581126409e-02	3.190719630688374e+05
1.478345781077766e-02	3.183021658362551e+05
1.482757981029123e-02	3.175346017512129e+05
1.487170180980480e-02	3.167692648977265e+05
1.491582380931836e-02	3.160061493746724e+05
1.495994580883193e-02	3.152452492957523e+05
1.500406780834550e-02	3.144865587894560e+05
1.504818980785907e-02	3.137300719990268e+05
1.509231180737263e-02	3.129757830824249e+05
1.513643380688620e-02	3.122236862122919e+05
1.518055580639977e-02	3.114737755759155e+05
1.522467780591333e-02	3.107260453751931e+05
1.526879980542690e-02	3.099804898265976e+05
1.531292180494047e-02	3.092371031611410e+05
1.535704380445404e-02	3.084958796243395e+05
1.540116580396760e-02	3.077568134761781e+05
1.544528780348117e-02	3.070198989910760e+05
1.548940980299474e-02	3.062851304578511e+05
1.553353180250830e-02	3.055525021796848e+05
1.557765380202187e-02	3.048220084740879e+05
1.562177580153544e-02	3.040936436728652e+05
1.566589780104901e-02	3.033674021220813e+05
1.571001980056257e-02	3.026432781820248e+05
1.575414180007614e-02	3.019212662271758e+05
1.579826379958971e-02	3.012013606461693e+05
1.584238579910328e-02	3.004835558417623e+05
1.588650779861684e-02	2.997678462307989e+05
1.593062979813041e-02	2.990542262441760e+05
1.597475179764398e-02	2.983426903268095e+05
1.601887379715755e-02	2.976332329376001e+05
1.606299579667112e-02	2.969258485493991e+05
1.610711779618468e-02	2.962205316489749e+05
1.615123979569825e-02	2.955172767369790e+05
1.619536179521181e-02	2.948160783279123e+05
1.623948379472538e-02	2.941169309500912e+05
1.628360579423895e-02	2.934198291456145e+05
1.632772779375252e-02	2.927247674703294e+05
1.637184979326608e-02	2.920317404937987e+05
1.641597179277965e-02	2.913407427992668e+05
1.646009379229322e-02	2.906517689836269e+05
1.650421579180679e-02	2.899648136573875e+05
1.654833779132035e-02	2.892798714446396e+05
1.659245979083392e-02	2.885969369830238e+05
1.663658179034749e-02	2.879160049236966e+05
1.668070378986106e-02	2.872370699312984e+05
1.672482578937462e-02	2.865601266839203e+05
1.676894778888819e-02	2.858851698730714e+05
1.681306978840175e-02	2.852121942036463e+05
1.685719178791532e-02	2.845411943938924e+05
1.690131378742889e-02	2.838721651753776e+05
1.694543578694246e-02	2.832051012929578e+05
1.698955778645602e-02	2.825399975047443e+05
1.703367978596959e-02	2.818768485820723e+05
1.707780178548316e-02	2.812156493094679e+05
1.712192378499673e-02	2.805563944846165e+05
1.716604578451030e-02	2.798990789183307e+05
1.721016778402386e-02	2.792436974345183e+05
1.725428978353743e-02	2.785902448701502e+05
1.729841178305100e-02	2.779387160752294e+05
1.734253378256456e-02	2.772891059127582e+05
1.738665578207813e-02	2.766414092587074e+05
1.743077778159170e-02	2.759956210019845e+05
1.747489978110527e-02	2.753517360444019e+05
1.751902178061883e-02	2.747097493006458e+05
1.756314378013240e-02	2.740696556982452e+05
1.760726577964597e-02	2.734314501775397e+05
1.765138777915954e-02	2.727951276916493e+05
1.769550977867310e-02	2.721606832064424e+05
1.773963177818667e-02	2.715281117005055e+05
1.778375377770024e-02	2.708974081651119e+05
1.782787577721380e-02	2.702685676041908e+05
1.787199777672737e-02	2.696415850342962e+05
1.791611977624094e-02	2.690164554845769e+05
1.796024177575450e-02	2.683931739967453e+05
1.800436377526807e-02	2.677717356250465e+05
1.804848577478164e-02	2.671521354362286e+05
1.809260777429521e-02	2.665343685095116e+05
1.813672977380878e-02	2.659184299365571e+05
1.818085177332234e-02	2.653043148214383e+05
1.822497377283591e-02	2.646920182806093e+05
1.826909577234948e-02	2.640815354428754e+05
1.831321777186305e-02	2.634728614493626e+05
1.835733977137661e-02	2.628659914534879e+05
1.840146177089018e-02	2.622609206209289e+05
1.844558377040374e-02	2.616576441295946e+05
1.848970576991731e-02	2.610561571695950e+05
1.853382776943088e-02	2.604564549432116e+05
1.857794976894445e-02	2.598585326648674e+05
1.862207176845801e-02	2.592623855610981e+05
1.866619376797158e-02	2.586680088705215e+05
1.871031576748515e-02	2.580753978438091e+05
1.875443776699872e-02	2.574845477436556e+05
1.879855976651228e-02	2.568954538447509e+05
1.884268176602585e-02	2.563081114337494e+05
1.888680376553941e-02	2.557225158092421e+05
1.893092576505298e-02	2.551386622817265e+05
1.897504776456655e-02	2.545565461735781e+05
1.901916976408012e-02	2.539761628190216e+05
1.906329176359368e-02	2.533975075641013e+05
1.910741376310726e-02	2.528205757666528e+05
1.915153576262082e-02	2.522453627962743e+05
1.919565776213439e-02	2.516718640342971e+05
1.923977976164796e-02	2.511000748737585e+05
1.928390176116152e-02	2.505299907193713e+05
1.932802376067509e-02	2.499616069874971e+05
1.937214576018866e-02	2.493949191061165e+05
1.941626775970222e-02	2.488299225148017e+05
1.946038975921579e-02	2.482666126646875e+05
1.950451175872936e-02	2.477049850184436e+05
1.954863375824293e-02	2.471450350502461e+05
1.959275575775649e-02	2.465867582457498e+05
1.963687775727006e-02	2.460301501020596e+05
1.968099975678363e-02	2.454752061277030e+05
1.972512175629720e-02	2.449219218426020e+05
1.976924375581076e-02	2.443702927780454e+05
1.981336575532433e-02	2.438203144766609e+05
1.985748775483790e-02	2.432719824923876e+05
1.990160975435146e-02	2.427252923904481e+05
1.994573175386503e-02	2.421802397473213e+05
1.998985375337860e-02	2.416368201507145e+05
2.003397575289216e-02	2.410950291995360e+05
2.007809775240573e-02	2.405548625038684e+05
2.012221975191930e-02	2.400163156849406e+05
2.016634175143287e-02	2.394793843751003e+05
2.021046375094644e-02	2.389440642177880e+05
2.025458575046000e-02	2.384103508675087e+05
2.029870774997357e-02	2.378782399898055e+05
2.034282974948714e-02	2.373477272612325e+05
2.038695174900071e-02	2.368188083693277e+05
2.043107374851427e-02	2.362914790125865e+05
2.047519574802784e-02	2.357657349004346e+05
2.051931774754140e-02	2.352415717532013e+05
2.056343974705497e-02	2.347189853020930e+05
2.060756174656854e-02	2.341979712891667e+05
2.065168374608211e-02	2.336785254673031e+05
2.069580574559567e-02	2.331606436001804e+05
2.073992774510924e-02	2.326443214622479e+05
2.078404974462281e-02	2.321295548386995e+05
2.082817174413638e-02	2.316163395254475e+05
2.087229374364994e-02	2.311046713290964e+05
2.091641574316351e-02	2.305945460669168e+05
2.096053774267708e-02	2.300859595668193e+05
2.100465974219065e-02	2.295789076673282e+05
2.104878174170421e-02	2.290733862175559e+05
2.109290374121778e-02	2.285693910771769e+05
2.113702574073135e-02	2.280669181164017e+05
2.118114774024492e-02	2.275659632159512e+05
2.122526973975849e-02	2.270665222670313e+05
2.126939173927205e-02	2.265685911713066e+05
2.131351373878562e-02	2.260721658408754e+05
2.135763573829918e-02	2.255772421982436e+05
2.140175773781275e-02	2.250838161762997e+05
2.144587973732632e-02	2.245918837182890e+05
2.149000173683989e-02	2.241014407777888e+05
2.153412373635345e-02	2.236124833186824e+05
2.157824573586702e-02	2.231250073151343e+05
2.162236773538059e-02	2.226390087515651e+05
2.166648973489416e-02	2.221544836226259e+05
2.171061173440772e-02	2.216714279331738e+05
2.175473373392129e-02	2.211898376982466e+05
2.179885573343486e-02	2.207097089430378e+05
2.184297773294842e-02	2.202310377028721e+05
2.188709973246199e-02	2.197538200231800e+05
2.193122173197556e-02	2.192780519594737e+05
2.197534373148912e-02	2.188037295773218e+05
2.201946573100269e-02	2.183308489523252e+05
2.206358773051626e-02	2.178594061700919e+05
2.210770973002983e-02	2.173893973262132e+05
2.215183172954340e-02	2.169208185262386e+05
2.219595372905697e-02	2.164536658856515e+05
2.224007572857053e-02	2.159879355298456e+05
2.228419772808410e-02	2.155236235940994e+05
2.232831972759767e-02	2.150607262235529e+05
2.237244172711123e-02	2.145992395731829e+05
2.241656372662480e-02	2.141391598077793e+05
2.246068572613837e-02	2.136804831019208e+05
2.250480772565193e-02	2.132232056399506e+05
2.254892972516550e-02	2.127673236159532e+05
2.259305172467907e-02	2.123128332337299e+05
2.263717372419264e-02	2.118597307067752e+05
2.268129572370620e-02	2.114080122582528e+05
2.272541772321977e-02	2.109576741209724e+05
2.276953972273334e-02	2.105087125373655e+05
2.281366172224691e-02	2.100611237594620e+05
2.285778372176047e-02	2.096149040488667e+05
2.290190572127404e-02	2.091700496767356e+05
2.294602772078760e-02	2.087265569237531e+05
2.299014972030117e-02	2.082844220801076e+05
2.303427171981474e-02	2.078436414454689e+05
2.307839371932831e-02	2.074042113289649e+05
2.312251571884188e-02	2.069661280491581e+05
2.316663771835544e-02	2.065293879340227e+05
2.321075971786901e-02	2.060939873209211e+05
2.325488171738258e-02	2.056599225565815e+05
2.329900371689615e-02	2.052271899970743e+05
2.334312571640971e-02	2.047957860077893e+05
2.338724771592328e-02	2.043657069634134e+05
2.343136971543685e-02	2.039369492479068e+05
2.347549171495041e-02	2.035095092544809e+05
2.351961371446398e-02	2.030833833855755e+05
2.356373571397755e-02	2.026585680528358e+05
2.360785771349111e-02	2.022350596770902e+05
2.365197971300468e-02	2.018128546883274e+05
2.369610171251825e-02	2.013919495256744e+05
2.374022371203182e-02	2.009723406373734e+05
2.378434571154538e-02	2.005540244807598e+05
2.382846771105895e-02	2.001369975222398e+05
2.387258971057252e-02	1.997212562372681e+05
2.391671171008609e-02	1.993067971103256e+05
2.396083370959965e-02	1.988936166348973e+05
2.400495570911322e-02	1.984817113134502e+05
2.404907770862679e-02	1.980710776574111e+05
2.409319970814036e-02	1.976617121871445e+05
2.413732170765392e-02	1.972536114319311e+05
2.418144370716749e-02	1.968467719299453e+05
2.422556570668106e-02	1.964411902282336e+05
2.426968770619463e-02	1.960368628826929e+05
2.431380970570819e-02	1.956337864580485e+05
2.435793170522176e-02	1.952319575278326e+05
2.440205370473533e-02	1.948313726743623e+05
2.444617570424889e-02	1.944320284887185e+05
2.449029770376246e-02	1.940339215707241e+05
2.453441970327603e-02	1.936370485289221e+05
2.457854170278959e-02	1.932414059805549e+05
2.462266370230316e-02	1.928469905515425e+05
2.466678570181673e-02	1.924537988764610e+05
2.471090770133030e-02	1.920618275985215e+05
2.475502970084386e-02	1.916710733695490e+05
2.479915170035743e-02	1.912815328499608e+05
2.484327369987100e-02	1.908932027087458e+05
2.488739569938457e-02	1.905060796234430e+05
2.493151769889813e-02	1.901201602801209e+05
2.497563969841170e-02	1.897354413733559e+05
2.501976169792527e-02	1.893519196062120e+05
2.506388369743883e-02	1.889695916902196e+05
2.510800569695240e-02	1.885884543453544e+05
2.515212769646597e-02	1.882085043000171e+05
2.519624969597954e-02	1.878297382910125e+05
2.524037169549310e-02	1.874521530635286e+05
2.528449369500667e-02	1.870757453711160e+05
2.532861569452024e-02	1.867005119756676e+05
2.537273769403381e-02	1.863264496473977e+05
2.541685969354737e-02	1.859535551648218e+05
2.546098169306094e-02	1.855818253147357e+05
2.550510369257451e-02	1.852112568921958e+05
2.554922569208808e-02	1.848418467004980e+05
2.559334769160164e-02	1.844735915511581e+05
2.563746969111521e-02	1.841064882638908e+05
2.568159169062877e-02	1.837405336665901e+05
2.572571369014234e-02	1.833757245953089e+05
2.576983568965591e-02	1.830120578942391e+05
2.581395768916948e-02	1.826495304156910e+05
2.585807968868304e-02	1.822881390200739e+05
2.590220168819661e-02	1.819278805758759e+05
2.594632368771018e-02	1.815687519596437e+05
2.599044568722375e-02	1.812107500559635e+05
2.603456768673731e-02	1.808538717574402e+05
2.607868968625088e-02	1.804981139646782e+05
2.612281168576445e-02	1.801434735862619e+05
2.616693368527802e-02	1.797899475387352e+05
2.621105568479158e-02	1.794375327465828e+05
2.625517768430515e-02	1.790862261422099e+05
2.629929968381872e-02	1.787360246659230e+05
2.634342168333229e-02	1.783869252659106e+05
2.638754368284585e-02	1.780389248982231e+05
2.643166568235942e-02	1.776920205267541e+05
2.647578768187299e-02	1.773462091232206e+05
2.651990968138656e-02	1.770014876671441e+05
2.656403168090012e-02	1.766578531458307e+05
2.660815368041369e-02	1.763153025543526e+05
2.665227567992726e-02	1.759738328955283e+05
2.669639767944082e-02	1.756334411799043e+05
2.674051967895439e-02	1.752941244257349e+05
2.678464167846796e-02	1.749558796589642e+05
2.682876367798152e-02	1.746187039132067e+05
2.687288567749509e-02	1.742825942297280e+05
2.691700767700866e-02	1.739475476574268e+05
2.696112967652223e-02	1.736135612528150e+05
2.700525167603579e-02	1.732806320799997e+05
2.704937367554936e-02	1.729487572106642e+05
2.709349567506293e-02	1.726179337240491e+05
2.713761767457650e-02	1.722881587069338e+05
2.718173967409007e-02	1.719594292536180e+05
2.722586167360363e-02	1.716317424659029e+05
2.726998367311720e-02	1.713050954530725e+05
2.731410567263076e-02	1.709794853318759e+05
2.735822767214433e-02	1.706549092265077e+05
2.740234967165790e-02	1.703313642685907e+05
2.744647167117147e-02	1.700088475971568e+05
2.749059367068503e-02	1.696873563586289e+05
2.753471567019860e-02	1.693668877068029e+05
2.757883766971217e-02	1.690474388028291e+05
2.762295966922574e-02	1.687290068151941e+05
2.766708166873930e-02	1.684115889197028e+05
2.771120366825287e-02	1.680951822994604e+05
2.775532566776644e-02	1.677797841448538e+05
2.779944766728000e-02	1.674653916535344e+05
2.784356966679357e-02	1.671520020303995e+05
2.788769166630714e-02	1.668396124875745e+05
2.793181366582070e-02	1.665282202443952e+05
2.797593566533427e-02	1.662178225273900e+05
2.802005766484784e-02	1.659084165702618e+05
2.806417966436141e-02	1.655999996138705e+05
2.810830166387498e-02	1.652925689062154e+05
2.815242366338854e-02	1.649861217024171e+05
2.819654566290211e-02	1.646806552647002e+05
2.824066766241568e-02	1.643761668623758e+05
2.828478966192925e-02	1.640726537718237e+05
2.832891166144281e-02	1.637701132764751e+05
2.837303366095638e-02	1.634685426667950e+05
2.841715566046995e-02	1.631679392402649e+05
2.846127765998351e-02	1.628683003013654e+05
2.850539965949708e-02	1.625696231615589e+05
2.854952165901065e-02	1.622719051392722e+05
2.859364365852422e-02	1.619751435598795e+05
2.863776565803778e-02	1.616793357556847e+05
2.868188765755135e-02	1.613844790659049e+05
2.872600965706492e-02	1.610905708366528e+05
2.877013165657848e-02	1.607976084209198e+05
2.881425365609205e-02	1.605055891785589e+05
2.885837565560562e-02	1.602145104762678e+05
2.890249765511919e-02	1.599243696875718e+05
2.894661965463275e-02	1.596351641928069e+05
2.899074165414632e-02	1.593468913791032e+05
2.903486365365989e-02	1.590595486403676e+05
2.907898565317345e-02	1.587731333772673e+05
2.912310765268702e-02	1.584876429972131e+05
2.916722965220059e-02	1.582030749143427e+05
2.921135165171416e-02	1.579194265495035e+05
2.925547365122772e-02	1.576366953302368e+05
2.929959565074129e-02	1.573548786907604e+05
2.934371765025486e-02	1.570739740719529e+05
2.938783964976843e-02	1.567939789213361e+05
2.943196164928199e-02	1.565148906930598e+05
2.947608364879556e-02	1.562367068478841e+05
2.952020564830913e-02	1.559594248531641e+05
2.956432764782269e-02	1.556830421828327e+05
2.960844964733626e-02	1.554075563173848e+05
2.965257164684983e-02	1.551329647438608e+05
2.969669364636340e-02	1.548592649558306e+05
2.974081564587696e-02	1.545864544533768e+05
2.978493764539053e-02	1.543145307430795e+05
2.982905964490410e-02	1.540434913379991e+05
2.987318164441767e-02	1.537733337576612e+05
2.991730364393123e-02	1.535040555280399e+05
2.996142564344480e-02	1.532356541815419e+05
3.000554764295836e-02	1.529681272569909e+05
3.004966964247193e-02	1.527014722996112e+05
3.009379164198550e-02	1.524356868610122e+05
3.013791364149907e-02	1.521707684991722e+05
3.018203564101264e-02	1.519067147784228e+05
3.022615764052621e-02	1.516435232694332e+05
3.027027964003977e-02	1.513811915491941e+05
3.031440163955334e-02	1.511197172010025e+05
3.035852363906691e-02	1.508590978144455e+05
3.040264563858047e-02	1.505993309853853e+05
3.044676763809404e-02	1.503404143159429e+05
3.049088963760761e-02	1.500823454144833e+05
3.053501163712118e-02	1.498251218955993e+05
3.057913363663474e-02	1.495687413800964e+05
3.062325563614831e-02	1.493132014949773e+05
3.066737763566188e-02	1.490584998734267e+05
3.071149963517544e-02	1.488046341547954e+05
3.075562163468901e-02	1.485516019845854e+05
3.079974363420258e-02	1.482994010144347e+05
3.084386563371615e-02	1.480480289021018e+05
3.088798763322971e-02	1.477974833114503e+05
3.093210963274328e-02	1.475477619124343e+05
3.097623163225684e-02	1.472988623810826e+05
3.102035363177041e-02	1.470507823994843e+05
3.106447563128398e-02	1.468035196557731e+05
3.110859763079755e-02	1.465570718441124e+05
3.115271963031112e-02	1.463114366646808e+05
3.119684162982468e-02	1.460666118236564e+05
3.124096362933825e-02	1.458225950332025e+05
3.128508562885182e-02	1.455793840114522e+05
3.132920762836539e-02	1.453369764824940e+05
3.137332962787896e-02	1.450953701763567e+05
3.141745162739252e-02	1.448545628289947e+05
3.146157362690608e-02	1.446145521822731e+05
3.150569562641965e-02	1.443753359839534e+05
3.154981762593322e-02	1.441369119876784e+05
3.159393962544679e-02	1.438992779529577e+05
3.163806162496035e-02	1.436624316451532e+05
3.168218362447392e-02	1.434263708354645e+05
3.172630562398748e-02	1.431910933009141e+05
3.177042762350106e-02	1.429565968243334e+05
3.181454962301462e-02	1.427228791943477e+05
3.185867162252819e-02	1.424899382053621e+05
3.190279362204176e-02	1.422577716575472e+05
3.194691562155532e-02	1.420263773568244e+05
3.199103762106889e-02	1.417957531148515e+05
3.203515962058245e-02	1.415658967490093e+05
3.207928162009602e-02	1.413368060823861e+05
3.212340361960959e-02	1.411084789437644e+05
3.216752561912316e-02	1.408809131676061e+05
3.221164761863673e-02	1.406541065940391e+05
3.225576961815030e-02	1.404280570688423e+05
3.229989161766386e-02	1.402027624434320e+05
3.234401361717743e-02	1.399782205748479e+05
3.238813561669100e-02	1.397544293257390e+05
3.243225761620457e-02	1.395313865643494e+05
3.247637961571813e-02	1.393090901645046e+05
3.252050161523169e-02	1.390875380055977e+05
3.256462361474526e-02	1.388667279725749e+05
3.260874561425883e-02	1.386466579559227e+05
3.265286761377240e-02	1.384273258516529e+05
3.269698961328597e-02	1.382087295612897e+05
3.274111161279954e-02	1.379908669918556e+05
3.278523361231310e-02	1.377737360558575e+05
3.282935561182666e-02	1.375573346712736e+05
3.287347761134023e-02	1.373416607615391e+05
3.291759961085380e-02	1.371267122555331e+05
3.296172161036737e-02	1.369124870875645e+05
3.300584360988093e-02	1.366989831973592e+05
3.304996560939451e-02	1.364861985300455e+05
3.309408760890807e-02	1.362741310361419e+05
3.313820960842164e-02	1.360627786715424e+05
3.318233160793521e-02	1.358521393975042e+05
3.322645360744878e-02	1.356422111806332e+05
3.327057560696234e-02	1.354329919928718e+05
3.331469760647591e-02	1.352244798114845e+05
3.335881960598947e-02	1.350166726190455e+05
3.340294160550304e-02	1.348095684034249e+05
3.344706360501661e-02	1.346031651577754e+05
3.349118560453018e-02	1.343974608805197e+05
3.353530760404375e-02	1.341924535753367e+05
3.357942960355731e-02	1.339881412511488e+05
3.362355160307088e-02	1.337845219221085e+05
3.366767360258444e-02	1.335815936075855e+05
3.371179560209801e-02	1.333793543321536e+05
3.375591760161158e-02	1.331778021255779e+05
3.380003960112515e-02	1.329769350228015e+05
3.384416160063872e-02	1.327767510639326e+05
3.388828360015229e-02	1.325772482942319e+05
3.393240559966585e-02	1.323784247640994e+05
3.397652759917941e-02	1.321802785290617e+05
3.402064959869298e-02	1.319828076497592e+05
3.406477159820655e-02	1.317860101919331e+05
3.410889359772012e-02	1.315898842264132e+05
3.415301559723368e-02	1.313944278291042e+05
3.419713759674725e-02	1.311996390809740e+05
3.424125959626082e-02	1.310055160680406e+05
3.428538159577439e-02	1.308120568813594e+05
3.432950359528796e-02	1.306192596170107e+05
3.437362559480152e-02	1.304271223760872e+05
3.441774759431509e-02	1.302356432646811e+05
3.446186959382866e-02	1.300448203938724e+05
3.450599159334222e-02	1.298546518797153e+05
3.455011359285579e-02	1.296651358432269e+05
3.459423559236936e-02	1.294762704103737e+05
3.463835759188292e-02	1.292880537120600e+05
3.468247959139650e-02	1.291004838841153e+05
3.472660159091006e-02	1.289135590672818e+05
3.477072359042363e-02	1.287272774072025e+05
3.481484558993719e-02	1.285416370544082e+05
3.485896758945076e-02	1.283566361643062e+05
3.490308958896433e-02	1.281722728971673e+05
3.494721158847789e-02	1.279885454181142e+05
3.499133358799146e-02	1.278054518971088e+05
3.503545558750503e-02	1.276229905089405e+05
3.507957758701860e-02	1.274411594332140e+05
3.512369958653216e-02	1.272599568543372e+05
3.516782158604574e-02	1.270793809615090e+05
3.521194358555930e-02	1.268994299487076e+05
3.525606558507287e-02	1.267201020146785e+05
3.530018758458643e-02	1.265413953629222e+05
3.534430958410000e-02	1.263633082016826e+05
3.538843158361357e-02	1.261858387439351e+05
3.543255358312714e-02	1.260089852073746e+05
3.547667558264070e-02	1.258327458144037e+05
3.552079758215427e-02	1.256571187921210e+05
3.556491958166784e-02	1.254821023723093e+05
3.560904158118141e-02	1.253076947914235e+05
3.565316358069497e-02	1.251338942905797e+05
3.569728558020854e-02	1.249606991155426e+05
3.574140757972211e-02	1.247881075167143e+05
3.578552957923567e-02	1.246161177491228e+05
3.582965157874924e-02	1.244447280724100e+05
3.587377357826280e-02	1.242739367508203e+05
3.591789557777638e-02	1.241037420531893e+05
3.596201757728994e-02	1.239341422529319e+05
3.600613957680351e-02	1.237651356280309e+05
3.605026157631708e-02	1.235967204610257e+05
3.609438357583064e-02	1.234288950390007e+05
3.613850557534421e-02	1.232616576535740e+05
3.618262757485778e-02	1.230950066008860e+05
3.622674957437135e-02	1.229289401815880e+05
3.627087157388491e-02	1.227634567008306e+05
3.631499357339849e-02	1.225985544682532e+05
3.635911557291205e-02	1.224342317979718e+05
3.640323757242562e-02	1.222704870085683e+05
3.644735957193918e-02	1.221073184230793e+05
3.649148157145275e-02	1.219447243689844e+05
3.653560357096632e-02	1.217827031781959e+05
3.657972557047989e-02	1.216212531870467e+05
3.662384756999345e-02	1.214603727362799e+05
3.666796956950701e-02	1.213000601710375e+05
3.671209156902058e-02	1.211403138408491e+05
3.675621356853415e-02	1.209811320996214e+05
3.680033556804772e-02	1.208225133056265e+05
3.684445756756129e-02	1.206644558214918e+05
3.688857956707486e-02	1.205069580141880e+05
3.693270156658842e-02	1.203500182550193e+05
3.697682356610199e-02	1.201936349196116e+05
3.702094556561555e-02	1.200378063879020e+05
3.706506756512912e-02	1.198825310441281e+05
3.710918956464269e-02	1.197278072768170e+05
3.715331156415627e-02	1.195736334787744e+05
3.719743356366983e-02	1.194200080470740e+05
3.724155556318339e-02	1.192669293830468e+05
3.728567756269696e-02	1.191143958922703e+05
3.732979956221053e-02	1.189624059845579e+05
3.737392156172410e-02	1.188109580739480e+05
3.741804356123766e-02	1.186600505786937e+05
3.746216556075123e-02	1.185096819212520e+05
3.750628756026479e-02	1.183598505282733e+05
3.755040955977837e-02	1.182105548305907e+05
3.759453155929193e-02	1.180617932632096e+05
3.763865355880550e-02	1.179135642652972e+05
3.768277555831907e-02	1.177658662801719e+05
3.772689755783264e-02	1.176186977552931e+05
3.777101955734620e-02	1.174720571422504e+05
3.781514155685976e-02	1.173259428967536e+05
3.785926355637333e-02	1.171803534786219e+05
3.790338555588690e-02	1.170352873517739e+05
3.794750755540047e-02	1.168907429842172e+05
3.799162955491404e-02	1.167467188480380e+05
3.803575155442761e-02	1.166032134193907e+05
3.807987355394117e-02	1.164602251784880e+05
3.812399555345474e-02	1.163177526095904e+05
3.816811755296830e-02	1.161757942009962e+05
3.821223955248187e-02	1.160343484450310e+05
3.825636155199544e-02	1.158934138380378e+05
3.830048355150901e-02	1.157529888803669e+05
3.834460555102257e-02	1.156130720763658e+05
3.838872755053614e-02	1.154736619343689e+05
3.843284955004971e-02	1.153347569666875e+05
3.847697154956328e-02	1.151963556896000e+05
3.852109354907685e-02	1.150584566233418e+05
3.856521554859041e-02	1.149210582920951e+05
3.860933754810398e-02	1.147841592239791e+05
3.865345954761754e-02	1.146477579510404e+05
3.869758154713111e-02	1.145118530092423e+05
3.874170354664468e-02	1.143764429384557e+05
3.878582554615824e-02	1.142415262824489e+05
3.882994754567182e-02	1.141071015888776e+05
3.887406954518538e-02	1.139731674092755e+05
3.891819154469895e-02	1.138397222990441e+05
3.896231354421251e-02	1.137067648174433e+05
3.900643554372608e-02	1.135742935275812e+05
3.905055754323965e-02	1.134423069964050e+05
3.909467954275322e-02	1.133108037946908e+05
3.913880154226678e-02	1.131797824970340e+05
3.918292354178035e-02	1.130492416818400e+05
3.922704554129392e-02	1.129191799313140e+05
3.927116754080749e-02	1.127895958314521e+05
3.931528954032106e-02	1.126604879720310e+05
3.935941153983462e-02	1.125318549465991e+05
3.940353353934819e-02	1.124036953524664e+05
3.944765553886175e-02	1.122760077906955e+05
3.949177753837532e-02	1.121487908660917e+05
3.953589953788889e-02	1.120220431871938e+05
3.958002153740246e-02	1.118957633662645e+05
3.962414353691603e-02	1.117699500192813e+05
3.966826553642960e-02	1.116446017659266e+05
3.971238753594316e-02	1.115197172295788e+05
3.975650953545673e-02	1.113952950373025e+05
3.980063153497029e-02	1.112713338198398e+05
3.984475353448386e-02	1.111478322116004e+05
3.988887553399743e-02	1.110247888506527e+05
3.993299753351099e-02	1.109022023787142e+05
3.997711953302456e-02	1.107800714411426e+05
4.002124153253812e-02	1.106583946869265e+05
4.006536353205170e-02	1.105371707686762e+05
4.010948553156526e-02	1.104163983426144e+05
4.015360753107884e-02	1.102960760685671e+05
4.019772953059240e-02	1.101762026099549e+05
4.024185153010597e-02	1.100567766337832e+05
4.028597352961953e-02	1.099377968106337e+05
4.033009552913310e-02	1.098192618146549e+05
4.037421752864667e-02	1.097011703235534e+05
4.041833952816024e-02	1.095835210185848e+05
4.046246152767381e-02	1.094663125845448e+05
4.050658352718737e-02	1.093495437097599e+05
4.055070552670094e-02	1.092332130860787e+05
4.059482752621450e-02	1.091173194088633e+05
4.063894952572807e-02	1.090018613769796e+05
4.068307152524164e-02	1.088868376927892e+05
4.072719352475521e-02	1.087722470621401e+05
4.077131552426877e-02	1.086580881943579e+05
4.081543752378234e-02	1.085443598022374e+05
4.085955952329591e-02	1.084310606020331e+05
4.090368152280947e-02	1.083181893134510e+05
4.094780352232304e-02	1.082057446596397e+05
4.099192552183661e-02	1.080937253671816e+05
4.103604752135018e-02	1.079821301660841e+05
4.108016952086374e-02	1.078709577897712e+05
4.112429152037731e-02	1.077602069750746e+05
4.116841351989087e-02	1.076498764622253e+05
4.121253551940445e-02	1.075399649948445e+05
4.125665751891801e-02	1.074304713199357e+05
4.130077951843159e-02	1.073213941878753e+05
4.134490151794515e-02	1.072127323524048e+05
4.138902351745872e-02	1.071044845706219e+05
4.143314551697228e-02	1.069966496029719e+05
4.147726751648585e-02	1.068892262132394e+05
4.152138951599942e-02	1.067822131685396e+05
4.156551151551298e-02	1.066756092393103e+05
4.160963351502655e-02	1.065694131993029e+05
4.165375551454011e-02	1.064636238255743e+05
4.169787751405369e-02	1.063582398984784e+05
4.174199951356725e-02	1.062532602016580e+05
4.178612151308082e-02	1.061486835220359e+05
4.183024351259439e-02	1.060445086498073e+05
4.187436551210796e-02	1.059407343784306e+05
4.191848751162152e-02	1.058373595046199e+05
4.196260951113509e-02	1.057343828283365e+05
4.200673151064865e-02	1.056318031527803e+05
4.205085351016222e-02	1.055296192843820e+05
4.209497550967579e-02	1.054278300327947e+05
4.213909750918936e-02	1.053264342108857e+05
4.218321950870293e-02	1.052254306347285e+05
4.222734150821649e-02	1.051248181235944e+05
4.227146350773006e-02	1.050245954999444e+05
4.231558550724363e-02	1.049247615894214e+05
4.235970750675720e-02	1.048253152208417e+05
4.240382950627076e-02	1.047262552261873e+05
4.244795150578433e-02	1.046275804405975e+05
4.249207350529789e-02	1.045292897023611e+05
4.253619550481147e-02	1.044313818529083e+05
4.258031750432503e-02	1.043338557368028e+05
4.262443950383860e-02	1.042367102017337e+05
4.266856150335217e-02	1.041399440985075e+05
4.271268350286573e-02	1.040435562810405e+05
4.275680550237930e-02	1.039475456063505e+05
4.280092750189286e-02	1.038519109345491e+05
4.284504950140643e-02	1.037566511288337e+05
4.288917150092000e-02	1.036617650554800e+05
4.293329350043357e-02	1.035672515838335e+05
4.297741549994714e-02	1.034731095863024e+05
4.302153749946071e-02	1.033793379383494e+05
4.306565949897427e-02	1.032859355184839e+05
4.310978149848783e-02	1.031929012082544e+05
4.315390349800140e-02	1.031002338922407e+05
4.319802549751497e-02	1.030079324580462e+05
4.324214749702854e-02	1.029159957962900e+05
4.328626949654210e-02	1.028244228005997e+05
4.333039149605568e-02	1.027332123676031e+05
4.337451349556924e-02	1.026423633969210e+05
4.341863549508281e-02	1.025518747911596e+05
4.346275749459638e-02	1.024617454559024e+05
4.350687949410995e-02	1.023719742997033e+05
4.355100149362351e-02	1.022825602340784e+05
4.359512349313708e-02	1.021935021734988e+05
4.363924549265064e-02	1.021047990353830e+05
4.368336749216421e-02	1.020164497400893e+05
4.372748949167778e-02	1.019284532109086e+05
4.377161149119135e-02	1.018408083740563e+05
4.381573349070492e-02	1.017535141586655e+05
4.385985549021848e-02	1.016665694967793e+05
4.390397748973205e-02	1.015799733233431e+05
4.394809948924561e-02	1.014937245761977e+05
4.399222148875918e-02	1.014078221960715e+05
4.403634348827275e-02	1.013222651265734e+05
4.408046548778632e-02	1.012370523141853e+05
4.412458748729988e-02	1.011521827082547e+05
4.416870948681345e-02	1.010676552609876e+05
4.421283148632702e-02	1.009834689274411e+05
4.425695348584059e-02	1.008996226655160e+05
4.430107548535416e-02	1.008161154359497e+05
4.434519748486772e-02	1.007329462023089e+05
4.438931948438129e-02	1.006501139309823e+05
4.443344148389485e-02	1.005676175911736e+05
4.447756348340842e-02	1.004854561548940e+05
4.452168548292199e-02	1.004036285969554e+05
4.456580748243556e-02	1.003221338949627e+05
4.460992948194913e-02	1.002409710293073e+05
4.465405148146270e-02	1.001601389831596e+05
4.469817348097626e-02	1.000796367424619e+05
2.000000000000000e-01	1.000000000000000e+05